42
6
12
11
41
34
19
30
10
6
31
2
38
10
45
39
17
23
35
38
10
32
26
21
37
45
9
8
13
10
6
26
19
25
31
39
27
2
42
36
18
19
42
15
20
20
32
21
45
28
16
10
26
25
6
3
5
5
38
29
26
7
15
28
28
12
40
21
40
6
36
5
22
11
8
44
39
33
4
5
25
12
2
36
2
46
4
13
2
27
42
37
10
37
9
37
37
22
27
18
38
34
28
3
28
6
28
20
22
32
25
23
0
24
34
2
41
1
0
35
2
6
46
4
21
5
31
33
13
33
40
37
11
27
3
34
41
39
24
28
12
46
46
30
40
28
19
9
29
23
28
24
31
31
4
15
37
25
21
19
39
39
44
24
34
7
25
33
7
28
29
29
37
8
4
24
3
3
20
23
30
31
41
14
36
8
26
29
35
41
30
2
46
34
19
24
0
14
31
12
39
2
37
1
16
23
16
4
32
10
37
3
30
35
32
16
36
11
41
17
42
39
43
23
5
40
13
3
12
3
15
8
5
6
28
33
35
28
6
8
34
20
7
35
23
13
40
22
35
22
7
16
28
30
8
40
26
17
23
41
30
17
0
25
39
3
37
42
39
43
6
31
5
41
41
28
1
4
7
9